2001000001
2001000002
2001000003
2001000004
2001000005
2001000006
2001000007
2001000008
2001000009
2001000010
2001000011
2001000012
2001000013
2001000014
2001000015
2001000016
2001000017
2001000018
2001000019
2001000020
2001000021
2001000022
2001000023
2001000024
2001000025
2001000026
2001000027
2001000028
2001000029
2001000030
2001000031
2001000032
2001000033
2001000034
2001000035
2001000036
2001000037
2001000038
2002000039
2002000040
2002000041
2002000042
2002000043
2002000044
2002000045
2002000046
2002000047
2002000048
2002000049
2002000050
2002000051
2002000052
2002000053
2002000054
2002000055
2002000056
2002000057
2002000058
2002000059
2002000060
2002000061
2002000062
2002000063
2002000064
2002000065
2002000066
2002000067
2002000068
2002000069
2002000070
2002000071
2003000072
2003000073
2003000074
2003000075
2003000076
2003000077
2003000078
2003000079
2003000080
2003000081
2003000082
2003000083
2003000084
2003000085
2003000086
2003000087
2003000088
2003000089
2003000090
2003000091
2003000092
2003000093
2003000094
2003000095
2003000096
2003000097
2003000098
2003000099
2003000100
2003000101
2003000102
2003000103
2003000104
2003000105
2003000106
2003000107
2003000108
2003000109
2004000110
2004000111
2004000112
2004000113
2004000114
2004000115
2004000116
2004000117
2004000118
2004000119
2004000120
2004000121
2004000122
2004000123
2004000124
2004000125
2004000126
2004000127
2004000128
2004000129
2004000130
2004000131
2004000132
2004000133
2004000134
2004000135
2004000136
2004000137
2004000138
2004000139
2005000140
2005000141
2005000142
2005000143
2005000144
2005000145
2005000146
2005000147
2005000148
2005000149
2005000150
2005000151
2005000152
2005000153
2005000154
2005000155
2005000156
2005000157
2005000158
2005000159
2005000160
2005000161
2005000162
2005000163
2005000164
2006000165
2006000166
2006000167
2006000168
2006000169
2006000170
2006000171
2006000172
2006000173
2006000174
2006000175
2006000176
2006000177
2006000178
2006000179
2006000180
2006000181
2006000182
2006000183
2006000184
2006000185
2006000186
2006000187
2006000188
2006000189
2006000190
2006000191
2006000192
2006000193
2006000194
2006000195
2006000196
2006000197
2006000198
2006000199
2006000200
2006000201
2007000202
2007000203
2007000204
2007000205
2007000206
2007000207
2007000208
2007000209
2007000210
2007000211
2007000212
2007000213
2007000214
2007000215
2007000216
2007000217
2007000218
2007000219
2007000220
2007000221
2007000222
2007000223
2007000224
2007000225
2007000226
2007000227
2007000228
2007000229
2007000230
2007000231
2007000232
2007000233
2007000234
2007000235
2007000236
2007000237
2007000238
2007000239
2007000240
2007000241
2007000242
2007000243
2007000244
2007000245
2007000246
2007000247
2007000248
2007000249
2007000250
2007000251
2007000252
2007000253
2008000254
2008000255
2008000256
2008000257
2008000258
2008000259
2008000260
2008000261
2008000262
2008000263
2008000264
2008000265
2008000266
2008000267
2008000268
2008000269
2008000270
2008000271
2008000272
2008000273
2008000274
2008000275
2008000276
2008000277
2008000278
2008000279
2008000280
2008000281
2008000282
2008000283
2008000284
2008000285
2008000286
2008000287
2008000288
2008000289
2008000290
2008000291
2008000292
2008000293
2008000294
2008000295
2008000296
2008000297
2008000298
2008000299
2008000300
2008000301
2008000302
2008000303
2009000304
2009000305
2009000306
2009000307
2009000308
2009000309
2009000310
2009000311
2009000312
2009000313
2009000314
2009000315
2009000316
2009000317
2009000318
2009000319
2009000320
2009000321
2009000322
2009000323
2009000324
2009000325
2009000326
2009000327
2009000328
2009000329
2009000330
2009000331
2009000332
2009000333
2009000334
2009000335
2009000336
2009000337
2009000338
2009000339
2009000340
2009000341
2009000342
2009000343
2009000344
2009000345
2009000346
2009000347
2009000348
2009000349
2009000350
2009000351
2010000352
2010000353
2010000354
2010000355
2010000356
2010000357
2010000358
2010000359
2010000360
2010000361
2010000362
2010000363
2010000364
2010000365
2010000366
2010000367
2010000368
2010000369
2010000370
2010000371
2010000372
2010000373
2010000374
2010000375
2010000376
2010000377
2010000378
2010000379
2010000380
2010000381
2010000382
2010000383
2010000384
2010000385
2010000386
2010000387
2010000388
2010000389
2010000390
2010000391
2010000392
2010000393
2011000394
2011000395
2011000396
2011000397
2011000398
2011000399
2011000400
2011000401
2011000402
2011000403
2011000404
2011000405
2011000406
2011000407
2011000408
2011000409
2011000410
2011000411
2011000412
2011000413
2011000414
2011000415
2011000416
2011000417
2011000418
2011000419
2011000420
2011000421
2011000422
2011000423
2011000424
2011000425
2011000426
2011000427
2011000428
2011000429
2011000430
2011000431
2011000432
2011000433
2011000434
2011000435
2011000436
2011000437
2011000438
2011000439
2011000440
2012000441
2012000442
2012000443
2012000444
2012000445
2012000446
2012000447
2012000448
2012000449
2012000450
2012000451
2012000452
2012000453
2012000454
2012000455
2012000456
2012000457
2012000458
2012000459
2012000460
2012000461
2012000462
2012000463
2012000464
2012000465
2012000466
2012000467
2012000468
2012000469
2012000470
2012000471
2012000472
2012000473
2012000474
2012000475
2012000476
2012000477
2012000478
2012000479
2012000480
2012000481
2012000482
2012000483
2013000484
2013000485
2013000486
2013000487
2013000488
2013000489
2013000490
2013000491
2013000492
2013000493
2013000494
2013000495
2013000496
2013000497
2013000498
2013000499
2013000500
2013000501
2013000502
2013000503
2013000504
2013000505
2013000506
2013000507
2013000508
2013000509
2013000510
2013000511
2013000512
2013000513
2013000514
2013000515
2013000516
2013000517
2013000518
2013000519
2013000520
2013000521
2013000522
2013000523
2014000524
2014000525
2014000526
2014000527
2014000528
2014000529
2014000530
2014000531
2014000532
2014000533
2014000534
2014000535
2014000536
2014000537
2014000538
2014000539
2014000540
2014000541
2014000542
2014000543
2014000544
2014000545
2014000546
2014000547
2014000548
2014000549
2014000550
2014000551
2014000552
2014000553
2014000554
2014000555
2014000556
2014000557
2014000558
2014000559
2014000560
2014000561
2014000562
2014000563
2015000564
2015000565
2015000566
2015000567
2015000568
2015000569
2015000570
2015000571
2015000572
2015000573
2015000574
2015000575
2015000576
2015000577
2015000578
2015000579
2015000580
2015000581
2015000582
2015000583
2015000584
2015000585
2015000586
2015000587
2015000588
2015000589
2015000590
2015000591
2015000592
2015000593
2015000594
2015000595
2016000596
2016000597
2016000598
2016000599
2016000600
2016000601
2016000602
2016000603
2016000604
2016000605
2016000606
2016000607
2016000608
2016000609
2016000610
2016000611
2016000612
2016000613
2016000614
2016000615
2016000616
2016000617
2016000618
2016000619
2016000620
2016000621
2016000622
2016000623
2016000624
2017000625
2017000626
2017000627
2017000628
2017000629
2017000630
2017000631
2017000632
2017000633
2017000634
2017000635
2017000636
2017000637
2017000638
2017000639
2017000640
2017000641
2017000642
2017000643
2017000644
2017000645
2017000646
2017000647
2017000648
2017000649
2017000650
2017000651
2017000652
2017000653
2017000654
2017000655
2017000656
2017000657
2017000658
2017000659
2017000660
2017000661
2017000662
2017000663
2017000664
2017000665
2017000666
2017000667
2017000668
2017000669
2017000670
2017000671
2018000672
2018000673
2018000674
2018000675
2018000676
2018000677
2018000678
2018000679
2018000680
2018000681
2018000682
2018000683
2018000684
2018000685
2018000686
2018000687
2018000688
2018000689
2018000690
2018000691
2018000692
2018000693
2018000694
2018000695
2018000696
2018000697
2018000698
2018000699
2018000700
2018000701
2018000702
2018000703
2018000704
2018000705
2018000706
2018000707
2018000708
2018000709
2018000710
2018000711
2018000712
2018000713
2018000714
2018000715
2018000716
2018000717
2018000718
2018000719
2018000720
2018000721
2018000722
2018000723
2018000724
2018000725
2018000726
2018000727
2018000728
2018000729
2018000730
2018000731
2019000732
2019000733
2019000734
2019000735
2019000736
2019000737
2019000738
2019000739
2019000740
2019000741
2019000742
2019000743
2019000744
2019000745
2019000746
2019000747
2019000748
2019000749
2019000750
2019000751
2019000752
2019000753
2019000754
2019000755
2019000756
2019000757
2019000758
2019000759
2019000760
2019000761
2019000762
2019000763
2019000764
2019000765
2019000766
2019000767
2019000768
2019000769
2020000770
2020000771
2020000772
2020000773
2020000774
2020000775
2020000776
2020000777
2020000778
2020000779
2020000780
2020000781
2020000782
2020000783
2020000784
2020000785
2020000786
2020000787
2020000788
2020000789
2020000790
2020000791
2020000792
2020000793
2020000794
2020000795
2020000796
2020000797
2020000798
2020000799
2020000800
2020000801
2020000802
2020000803
2020000804
2020000805
2020000806
2020000807
2020000808
2020000809
2021000810
2021000811
2021000812
2021000813
2021000814
2021000815
2021000816
2021000817
2021000818
2021000819
2021000820
2021000821
2021000822
2021000823
2021000824
2021000825
2021000826
2021000827
2021000828
2021000829
2021000830
2021000831
2021000832
2021000833
2021000834
2021000835
2021000836
2021000837
2021000838
2021000839
2021000840
2021000841
2021000842
2021000843
2021000844
2021000845
2021000846
2021000847
2022000848
2022000849
2022000850
2022000851
2022000852
2022000853
2022000854
2022000855
2022000856
2022000857
2022000858
2022000859
2022000860
2022000861
2022000862
2022000863
2022000864
2022000865
2022000866
2022000867
2022000868
2022000869
2022000870
2022000871
2022000872
2022000873
2022000874
2022000875
2022000876
2022000877
2022000878
2022000879
2022000880
2022000881
2022000882
2022000883
2022000884
2022000885
2022000886
2022000887
2022000888
2022000889
2022000890
2022000891
2022000892
2022000893
2022000894
2023000895
2023000896
2023000897
2023000898
2023000899
2023000900
2023000901
2023000902
2023000903
2023000904
2023000905
2023000906
2023000907
2023000908
2023000909
2023000910
2023000911
2023000912
2023000913
2023000914
2023000915
2023000916
2023000917
2023000918
2023000919
2023000920
2023000921
2024000922
2024000923
2024000924
2024000925
2024000926
2024000927
2024000928
2024000929
2024000930
2024000931
2024000932
2024000933
2024000934
2024000935
2024000936
2024000937
2024000938
2024000939
2024000940
2024000941
2024000942
2024000943
2024000944
2024000945
2024000946
2024000947
2024000948
2024000949
2025000950
2025000951
2025000952
2025000953
2025000954
2025000955
2025000956
2025000957
2025000958
2025000959
2025000960
2025000961
2025000962
2025000963
2025000964
2025000965
2025000966
2025000967
2025000968
2025000969
2025000970
2025000971
2025000972
2025000973
2025000974
2025000975
2025000976
2026000977
2026000978
2026000979
2026000980
2026000981
2026000982
2026000983
2026000984
2026000985
2026000986
2026000987
2026000988
2026000989
2026000990
2026000991
2026000992
2026000993
2026000994
2026000995
2026000996
2026000997
2026000998
2026000999
2026001000
2026001001
2026001002
2026001003
2026001004
2026001005
2026001006
2026001007
2026001008
2026001009
2026001010
2026001011
2026001012
2026001013
2026001014
2026001015
2026001016
2026001017
2026001018
2026001019
2026001020
2027001021
2027001022
2027001023
2027001024
2027001025
2027001026
2027001027
2027001028
2027001029
2027001030
2027001031
2027001032
2027001033
2027001034
2027001035
2027001036
2027001037
2027001038
2027001039
2027001040
2027001041
2027001042
2027001043
2027001044
2027001045
2027001046
2027001047
2027001048
2027001049
2027001050
2027001051
2027001052
2027001053
2027001054
2028001055
2028001056
2028001057
2028001058
2028001059
2028001060
2028001061
2028001062
2028001063
2028001064
2028001065
2028001066
2028001067
2028001068
2028001069
2028001070
2028001071
2028001072
2028001073
2028001074
2028001075
2028001076
2028001077
2028001078
2028001079
2028001080
2028001081
2028001082
2028001083
2028001084
2028001085
2028001086
2028001087
2028001088
2028001089
2028001090
2028001091
2028001092
2028001093
2028001094
2028001095
2028001096
2028001097
2028001098
2029001099
2029001100
2029001101
2029001102
2029001103
2029001104
2029001105
2029001106
2029001107
2029001108
2029001109
2029001110
2029001111
2029001112
2029001113
2029001114
2029001115
2029001116
2029001117
2029001118
2029001119
2029001120
2029001121
2029001122
2029001123
2029001124
2029001125
2029001126
2029001127
2029001128
2030001129
2030001130
2030001131
2030001132
2030001133
2030001134
2030001135
2030001136
2030001137
2030001138
2030001139
2030001140
2030001141
2030001142
2030001143
2030001144
2030001145
2030001146
2030001147
2030001148
2030001149
2030001150
2030001151
2030001152
2030001153
2030001154
2030001155
2030001156
2030001157
2030001158
2030001159
2030001160
2030001161
2030001162
2030001163
2030001164
2030001165
2030001166
2031001167
2031001168
2031001169
2031001170
2031001171
2031001172
2031001173
2031001174
2031001175
2031001176
2031001177
2031001178
2031001179
2031001180
2031001181
2031001182
2031001183
2031001184
2031001185
2031001186
2031001187
2031001188
2031001189
2031001190
2031001191
2031001192
2032001193
2032001194
2032001195
2032001196
2032001197
2032001198
2032001199
2032001200
2032001201
2032001202
2032001203
2032001204
2032001205
2032001206
2032001207
2032001208
2032001209
2032001210
2032001211
2032001212
2032001213
2032001214
2032001215
2032001216
2032001217
2032001218
2032001219
2032001220
2032001221
2032001222
2032001223
2033001224
2033001225
2033001226
2033001227
2033001228
2033001229
2033001230
2033001231
2033001232
2033001233
2033001234
2033001235
2033001236
2033001237
2033001238
2033001239
2033001240
2033001241
2033001242
2034001243
2034001244
2034001245
2034001246
2034001247
2034001248
2034001249
2034001250
2034001251
2034001252
2034001253
2034001254
2034001255
2034001256
2034001257
2034001258
2034001259
2034001260
2034001261
2034001262
2034001263
2034001264
2034001265
2034001266
2034001267
2034001268
2034001269
2034001270
2034001271
2034001272
2034001273
2034001274
2034001275
2034001276
2034001277
2034001278
2034001279
2034001280
2034001281
2034001282
2034001283
2034001284
2034001285
2034001286
2034001287
2034001288
2034001289
2034001290
2034001291
2035001292
2035001293
2035001294
2035001295
2035001296
2035001297
2035001298
2035001299
2035001300
2035001301
2035001302
2035001303
2035001304
2035001305
2035001306
2035001307
2035001308
2035001309
2035001310
2035001311
2035001312
2035001313
2035001314
2035001315
2035001316
2035001317
2035001318
2036001319
2036001320
2036001321
2036001322
2036001323
2036001324
2036001325
2036001326
2036001327
2036001328
2036001329
2036001330
2036001331
2036001332
2036001333
2036001334
2036001335
2036001336
2036001337
2036001338
2036001339
2036001340
2036001341
2036001342
2036001343
2036001344
2036001345
2036001346
2036001347
2036001348
2036001349
2036001350
2036001351
2036001352
2036001353
2036001354
2036001355
2036001356
2036001357
2036001358
2037001359
2037001360
2037001361
2037001362
2037001363
2037001364
2037001365
2037001366
2037001367
2037001368
2037001369
2037001370
2037001371
2037001372
2037001373
2037001374
2037001375
2037001376
2037001377
2037001378
2037001379
2037001380
2037001381
2037001382
2037001383
2037001384
2037001385
2037001386
2037001387
2037001388
2037001389
2037001390
2037001391
2037001392
2037001393
2037001394
2037001395
2037001396
2037001397
2037001398
2037001399
2037001400
2037001401
2038001402
2038001403
2038001404
2038001405
2038001406
2038001407
2038001408
2038001409
2038001410
2038001411
2038001412
2038001413
2038001414
2038001415
2038001416
2038001417
2038001418
2038001419
2038001420
2038001421
2038001422
2038001423
2038001424
2038001425
2038001426
2038001427
2038001428
2038001429
2038001430
2038001431
2038001432
2038001433
2038001434
2038001435
2038001436
2038001437
2038001438
2038001439
2038001440
2038001441
2038001442
2038001443
2038001444
2038001445
2038001446
2038001447
2038001448
2039001449
2039001450
2039001451
2039001452
2039001453
2039001454
2039001455
2039001456
2039001457
2039001458
2039001459
2039001460
2039001461
2039001462
2039001463
2039001464
2039001465
2039001466
2039001467
2039001468
2039001469
2039001470
2039001471
2039001472
2039001473
2039001474
2039001475
2039001476
2039001477
2039001478
2039001479
2039001480
2039001481
2039001482
2039001483
2039001484
2039001485
2039001486
2039001487
2039001488
2039001489
2040001490
2040001491
2040001492
2040001493
2040001494
2040001495
2040001496
2040001497
2040001498
2040001499
2040001500
2040001501
2040001502
2040001503
2040001504
2040001505
2040001506
2040001507
2040001508
2040001509
2040001510
2040001511
2040001512
2040001513
2040001514
2040001515
2040001516
2040001517
2040001518
2040001519
2040001520
2040001521
2041001522
2041001523
2041001524
2041001525
2041001526
2041001527
2041001528
2041001529
2041001530
2041001531
2041001532
2041001533
2041001534
2041001535
2041001536
2041001537
2041001538
2041001539
2041001540
2041001541
2041001542
2041001543
2041001544
2041001545
2041001546
2041001547
2041001548
2042001549
2042001550
2042001551
2042001552
2042001553
2042001554
2042001555
2042001556
2042001557
2042001558
2042001559
2042001560
2042001561
2042001562
2042001563
2042001564
2042001565
2042001566
2042001567
2042001568
2042001569
2042001570
2042001571
2042001572
2042001573
2042001574
2042001575
2042001576
2042001577
2042001578
2042001579
2042001580
2042001581
2042001582
2042001583
2042001584
2042001585
2042001586
2042001587
2042001588
2042001589
2042001590
2042001591
2042001592
2042001593
2042001594
2042001595
2042001596
2043001597
2043001598
2043001599
2043001600
2043001601
2043001602
2043001603
2043001604
2043001605
2043001606
2043001607
2043001608
2043001609
2043001610
2043001611
2043001612
2043001613
2043001614
2043001615
2043001616
2043001617
2043001618
2043001619
2043001620
2043001621
2043001622
2043001623
2043001624
2043001625
2043001626
2043001627
2045001676
2045001677
2045001678
2045001679
2045001680
2045001681
2045001682
2045001683
2045001684
2045001685
2045001686
2045001687
2045001688
2045001689
2045001690
2045001691
2045001692
2045001693
2045001694
2045001695
2045001696
2045001697
2045001698
2045001699
2045001700
2045001701
2045001702
2045001703
2045001704
2045001705
2045001706
2045001707
2045001708
2045001709
2045001710
2045001711
2045001712
2045001713
2045001714
2045001715
2045001716
2045001717
2045001718
2045001719
2045001720
2045001721
2045001722
2046001723
2046001724
2046001725
2046001726
2046001727
2046001728
2046001729
2046001730
2046001731
2046001732
2046001733
2046001734
2046001735
2046001736
2046001737
2046001738
2046001739
2046001740
2046001741
2046001742
2046001743
2046001744
2046001745
2046001746
2046001747
2046001748
2046001749
2046001750
2046001751
2046001752
2046001753
2046001754
2046001755
2046001756
2046001757
2046001758
2046001759
2046001760
2046001761
2046001762
2046001763
2046001764
2046001765
2046001766
2046001767
2046001768
2046001769
2047001770
2047001771
2047001772
2047001773
2047001774
2047001775
2047001776
2047001777
2047001778
2047001779
2047001780
2047001781
2047001782
2047001783
2047001784
2047001785
2047001786
2047001787
2047001788
2047001789
2047001790
2047001791
2047001792
2047001793
2047001794
2047001795
2047001796
2047001797
2047001798
2047001799
2047001800
2047001801
2047001802
2047001803
2047001804
2048001805
2048001806
2048001807
2048001808
2048001809
2048001810
2048001811
2048001812
2048001813
2048001814
2048001815
2048001816
2048001817
2048001818
2048001819
2048001820
2048001821
2048001822
2048001823
2048001824
2048001825
2048001826
2048001827
2048001828
2048001829
2048001830
2048001831
2048001832
2048001833
2048001834
2048001835
2048001836
2048001837
2048001838
2048001839
2048001840
2048001841
2049001842
2049001843
2049001844
2049001845
2049001846
2049001847
2049001848
2049001849
2049001850
2049001851
2049001852
2049001853
2049001854
2049001855
2049001856
2049001857
2049001858
2049001859
2049001860
2049001861
2049001862
2049001863
2049001864
2049001865
2049001866
2049001867
2049001868
2049001869
2049001870
2049001871
2050001872
2050001873
2050001874
2050001875
2050001876
2050001877
2050001878
2050001879
2050001880
2050001881
2050001882
2050001883
2050001884
2050001885
2050001886
2050001887
2050001888
2050001889
2050001890
2050001891
2050001892
2050001893
2050001894
2050001895
2050001896
2050001897
2050001898
2050001899
2050001900
2050001901
2050001902
2050001903
2050001904
2050001905
2050001906
2050001907
2050001908
2050001909
2050001910
2051001911
2051001912
2051001913
2051001914
2051001915
2051001916
2051001917
2051001918
2051001919
2051001920
2051001921
2051001922
2051001923
2051001924
2051001925
2051001926
2051001927
2051001928
2051001929
2051001930
2051001931
2051001932
2051001933
2051001934
2051001935
2051001936
2051001937
2051001938
2051001939
2051001940
2051001941
2052001942
2052001943
2052001944
2052001945
2052001946
2052001947
2052001948
2052001949
2052001950
2052001951
2052001952
2052001953
2052001954
2052001955
2052001956
2052001957
2052001958
2052001959
2052001960
2052001961
2052001962
2052001963
2052001964
2052001965
2052001966
2052001967
2052001968
2052001969
2053001970
2053001971
2053001972
2053001973
2053001974
2053001975
2053001976
2053001977
2053001978
2053001979
2053001980
2053001981
2053001982
2053001983
2053001984
2053001985
2053001986
2053001987
2053001988
2053001989
2053001990
2053001991
2053001992
2053001993
2053001994
2053001995
2054001996
2054001997
2054001998
2054001999
2054002000
2054002001
2054002002
2054002003
2054002004
2054002005
2054002006
2054002007
2054002008
2054002009
2054002010
2054002011
2054002012
2054002013
2054002014
2054002015
2054002016
2054002017
2054002018
2054002019
2054002020
2054002021
2054002022
2054002023
2054002024
2054002025
2054002026
2054002027
2054002028
2054002029
2054002030
2054002031
2054002032
2055002033
2055002034
2055002035
2055002036
2055002037
2055002038
2055002039
2055002040
2055002041
2055002042
2055002043
2055002044
2055002045
2055002046
2055002047
2055002048
2055002049
2055002050
2055002051
2055002052
2055002053
2055002054
2055002055
2055002056
2055002057
2055002058
2056002059
2056002060
2056002061
2056002062
2056002063
2056002064
2056002065
2056002066
2056002067
2056002068
2056002069
2056002070
2056002071
2056002072
2056002073
2056002074
2056002075
2056002076
2056002077
2056002078
2056002079
2056002080
2056002081
2056002082
2056002083
2056002084
2056002085
2056002086
2056002087
2056002088
2056002089
2056002090
2056002091
2056002092
2056002093
2056002094
2056002095
2056002096
2056002097
2056002098
2056002099
2056002100
2056002101
2056002102
2056002103
2056002104
2056002105
2056002106
2057002107
2057002108
2057002109
2057002110
2057002111
2057002112
2057002113
2057002114
2057002115
2057002116
2057002117
2057002118
2057002119
2057002120
2057002121
2057002122
2057002123
2057002124
2057002125
2057002126
2057002127
2057002128
2057002129
2057002130
2057002131
2057002132
2057002133
2057002134
2057002135
2057002136
2057002137
2057002138
2057002139
2057002140
2057002141
2057002142
2057002143
2057002144
2057002145
2057002146
2057002147
2057002148
2057002149
2057002150
2057002151
2057002152
2057002153
2057002154
2057002155
2057002156
2058002157
2058002158
2058002159
2058002160
2058002161
2058002162
2058002163
2058002164
2058002165
2058002166
2058002167
2058002168
2058002169
2058002170
2058002171
2058002172
2058002173
2058002174
2058002175
2058002176
2058002177
2058002178
2058002179
2058002180
2058002181
2058002182
2058002183
2058002184
2058002185
2058002186
2058002187
2058002188
2059002189
2059002190
2059002191
2059002192
2059002193
2059002194
2059002195
2059002196
2059002197
2059002198
2059002199
2059002200
2059002201
2059002202
2059002203
2059002204
2059002205
2059002206
2059002207
2059002208
2059002209
2059002210
2059002211
2059002212
2059002213
2059002214
2059002215
2059002216
2059002217
2059002218
2059002219
2059002220
2059002221
2059002222
2059002223
2059002224
2059002225
2059002226
2059002227
2059002228
2059002229
2060002230
2060002231
2060002232
2060002233
2060002234
2060002235
2060002236
2060002237
2060002238
2060002239
2060002240
2060002241
2060002242
2060002243
2060002244
2060002245
2060002246
2060002247
2060002248
2060002249
2060002250
2060002251
2060002252
2060002253
2060002254
2060002255
2060002256
2060002257
2060002258
2060002259
2060002260
2061002261
2061002262
2061002263
2061002264
2061002265
2061002266
2061002267
2061002268
2061002269
2061002270
2061002271
2061002272
2061002273
2061002274
2061002275
2061002276
2061002277
2061002278
2061002279
2061002280
2061002281
2061002282
2061002283
2061002284
2061002285
2061002286
2061002287
2061002288
2061002289
2061002290
2061002291
2061002292
2061002293
2061002294
2061002295
2061002296
2061002297
2062002298
2062002299
2062002300
2062002301
2062002302
2062002303
2062002304
2062002305
2062002306
2062002307
2062002308
2062002309
2062002310
2062002311
2062002312
2062002313
2062002314
2063002315
2063002316
2063002317
2063002318
2063002319
2063002320
2063002321
2063002322
2063002323
2063002324
2063002325
2063002326
2063002327
2063002328
2063002329
2063002330
2063002331
2063002332
2063002333
2063002334
2063002335
2063002336
2063002337
2063002338
2063002339
2063002340
2063002341
2063002342
2063002343
2063002344
2063002345
2063002346
2063002347
2063002348
2063002349
2063002350
2063002351
2063002352
2063002353
2063002354
2064002355
2064002356
2064002357
2064002358
2064002359
2064002360
2064002361
2064002362
2064002363
2064002364
2064002365
2064002366
2064002367
2064002368
2064002369
2064002370
2064002371
2064002372
2064002373
2064002374
2064002375
2064002376
2064002377
2064002378
2064002379
2064002380
2064002381
2064002382
2064002383
2064002384
2064002385
2064002386
2064002387
2064002388
2064002389
2064002390
2064002391
2064002392
2064002393
2064002394
2065002395
2065002396
2065002397
2065002398
2065002399
2065002400
2065002401
2065002402
2065002403
2065002404
2065002405
2065002406
2065002407
2065002408
2065002409
2065002410
2065002411
2065002412
2065002413
2065002414
2065002415
2065002416
2065002417
2065002418
2065002419
2065002420
2065002421
2065002422
2065002423
2065002424
2065002425
2065002426
2065002427
2065002428
2065002429
2065002430
2065002431
2065002432
2066002433
2066002434
2066002435
2066002436
2066002437
2066002438
2066002439
2066002440
2066002441
2066002442
2066002443
2066002444
2066002445
2066002446
2066002447
2066002448
2066002449
2066002450
2066002451
2066002452
2066002453
2066002454
2066002455
2066002456
2066002457
2066002458
2066002459
2066002460
2066002461
2066002462
2066002463
2066002464
2066002465
2066002466
2066002467
2066002468
2066002469
2066002470
2066002471
2066002472
2066002473
2066002474
2066002475
2066002476
2067002477
2067002478
2067002479
2067002480
2067002481
2067002482
2067002483
2067002484
2067002485
2067002486
2067002487
2067002488
2067002489
2067002490
2067002491
2067002492
2067002493
2067002494
2067002495
2067002496
2067002497
2067002498
2067002499
2067002500
2067002501
2067002502
2067002503
2067002504
2067002505
2067002506
2067002507
2067002508
2067002509
2067002510
2067002511
2067002512
2067002513
2067002514
2067002515
2067002516
2067002517
2068002518
2068002519
2068002520
2068002521
2068002522
2068002523
2068002524
2068002525
2068002526
2068002527
2068002528
2068002529
2068002530
2068002531
2068002532
2068002533
2068002534
2068002535
2068002536
2068002537
2068002538
2068002539
2068002540
2068002541
2068002542
2068002543
2068002544
2068002545
2068002546
2068002547
2068002548
2068002549
2068002550
2068002551
2068002552
2068002553
2068002554
2068002555
2068002556
2068002557
2068002558
2068002559
2068002560
2068002561
2068002562
2068002563
2068002564
2068002565
2068002566
2068002567
2068002568
2069002569
2069002570
2069002571
2069002572
2069002573
2069002574
2069002575
2069002576
2069002577
2069002578
2069002579
2069002580
2069002581
2069002582
2069002583
2069002584
2069002585
2069002586
2069002587
2069002588
2069002589
2069002590
2069002591
2069002592
2069002593
2069002594
2069002595
2069002596
2069002597
2069002598
2069002599
2069002600
2069002601
2069002602
2069002603
2069002604
2069002605
2069002606
2069002607
2069002608
2069002609
2069002610
2069002611
2069002612
2069002613
2069002614
2069002615
2070002616
2070002617
2070002618
2070002619
2070002620
2070002621
2070002622
2070002623
2070002624
2070002625
2070002626
2070002627
2070002628
2070002629
2070002630
2070002631
2070002632
2070002633
2070002634
2070002635
2070002636
2070002637
2070002638
2070002639
2070002640
2071002641
2071002642
2071002643
2071002644
2071002645
2071002646
2071002647
2071002648
2071002649
2071002650
2071002651
2071002652
2071002653
2071002654
2071002655
2071002656
2071002657
2071002658
2071002659
2071002660
2071002661
2071002662
2071002663
2071002664
2071002665
2071002666
2071002667
2071002668
2072002669
2072002670
2072002671
2072002672
2072002673
2072002674
2072002675
2072002676
2072002677
2072002678
2072002679
2072002680
2072002681
2072002682
2072002683
2072002684
2072002685
2072002686
2072002687
2072002688
2072002689
2072002690
2072002691
2072002692
2072002693
2073002694
2073002695
2073002696
2073002697
2073002698
2073002699
2073002700
2073002701
2073002702
2073002703
2073002704
2073002705
2073002706
2073002707
2073002708
2073002709
2073002710
2073002711
2073002712
2073002713
2073002714
2073002715
2073002716
2073002717
2073002718
2073002719
2073002720
2073002721
2073002722
2073002723
2073002724
2073002725
2073002726
2073002727
2073002728
2073002729
2073002730
2073002731
2073002732
2074002733
2074002734
2074002735
2074002736
2074002737
2074002738
2074002739
2074002740
2074002741
2074002742
2074002743
2074002744
2074002745
2074002746
2074002747
2074002748
2074002749
2074002750
2074002751
2074002752
2074002753
2074002754
2074002755
2074002756
2074002757
2074002758
2074002759
2074002760
2074002761
2074002762
2074002763
2074002764
2074002765
2074002766
2074002767
2074002768
2074002769
2074002770
2074002771
2074002772
2074002773
2074002774
2074002775
2074002776
2074002777
2074002778
2074002779
2074002780
2074002781
2074002782
2074002783
2074002784
2074002785
2074002786
2075002787
2075002788
2075002789
2075002790
2075002791
2075002792
2075002793
2075002794
2075002795
2075002796
2075002797
2075002798
2075002799
2075002800
2075002801
2075002802
2075002803
2075002804
2075002805
2075002806
2075002807
2075002808
2075002809
2075002810
2075002811
2075002812
2075002813
2075002814
2075002815
2075002816
2075002817
2076002818
2076002819
2076002820
2076002821
2076002822
2076002823
2076002824
2076002825
2076002826
2076002827
2076002828
2076002829
2076002830
2076002831
2076002832
2076002833
2076002834
2076002835
2076002836
2076002837
2076002838
2076002839
2076002840
2076002841
2076002842
2076002843
2076002844
2076002845
2076002846
2076002847
2076002848
2076002849
2076002850
2076002851
2077002852
2077002853
2077002854
2077002855
2077002856
2077002857
2077002858
2077002859
2077002860
2077002861
2077002862
2077002863
2077002864
2077002865
2077002866
2077002867
2077002868
2077002869
2077002870
2077002871
2077002872
2077002873
2077002874
2077002875
2077002876
2077002877
2077002878
2077002879
2077002880
2077002881
2077002882
2077002883
2078002884
2078002885
2078002886
2078002887
2078002888
2078002889
2078002890
2078002891
2078002892
2078002893
2078002894
2078002895
2078002896
2078002897
2078002898
2078002899
2078002900
2078002901
2078002902
2078002903
2079002904
2079002905
2079002906
2079002907
2079002908
2079002909
2079002910
2079002911
2079002912
2079002913
2079002914
2079002915
2079002916
2079002917
2079002918
2079002919
2079002920
2079002921
2079002922
2079002923
2079002924
2079002925
2079002926
2079002927
2079002928
2079002929
2079002930
2079002931
2079002932
2079002933
2079002934
2079002935
2079002936
2079002937
2080002938
2080002939
2080002940
2080002941
2080002942
2080002943
2080002944
2080002945
2080002946
2080002947
2080002948
2080002949
2080002950
2080002951
2080002952
2080002953
2080002954
2080002955
2080002956
2080002957
2080002958
2080002959
2080002960
2080002961
2080002962
2080002963
2080002964
2080002965
2081002966
2081002967
2081002968
2081002969
2081002970
2081002971
2081002972
2081002973
2081002974
2081002975
2081002976
2081002977
2081002978
2081002979
2081002980
2081002981
2081002982
2081002983
2081002984
2081002985
2081002986
2081002987
2081002988
2081002989
2081002990
2081002991
2081002992
2081002993
2081002994
2081002995
2081002996
2081002997
2082002998
2082002999
2082003000
2082003001
2082003002
2082003003
2082003004
2082003005
2082003006
2082003007
2082003008
2082003009
2082003010
2082003011
2082003012
2082003013
2082003014
2082003015
2082003016
2082003017
2082003018
2082003019
2082003020
2082003021
2082003022
2082003023
2082003024
2082003025
2082003026
2082003027
2082003028
2082003029
2082003030
2082003031
2082003032
2082003033
2082003034
2082003035
2082003036
2082003037
2082003038
2082003039
2082003040
2082003041
2082003042
2082003043
2083003044
2083003045
2083003046
2083003047
2083003048
2083003049
2083003050
2083003051
2083003052
2083003053
2083003054
2083003055
2083003056
2083003057
2083003058
2083003059
2083003060
2083003061
2083003062
2083003063
2083003064
2083003065
2083003066
2083003067
2083003068
2083003069
2083003070
2083003071
2083003072
2083003073
2083003074
2083003075
2083003076
2083003077
2083003078
2083003079
2083003080
2083003081
2083003082
2083003083
2084003084
2084003085
2084003086
2084003087
2084003088
2084003089
2084003090
2084003091
2084003092
2084003093
2084003094
2084003095
2084003096
2084003097
2084003098
2084003099
2084003100
2084003101
2084003102
2084003103
2084003104
2084003105
2084003106
2084003107
2084003108
2084003109
2084003110
2084003111
2084003112
2084003113
2084003114
2084003115
2084003116
2084003117
2084003118
2084003119
2084003120
2084003121
2084003122
2085003123
2085003124
2085003125
2085003126
2085003127
2085003128
2085003129
2085003130
2085003131
2085003132
2085003133
2085003134
2085003135
2085003136
2085003137
2085003138
2085003139
2085003140
2085003141
2085003142
2085003143
2085003144
2085003145
2085003146
2085003147
2085003148
2085003149
2085003150
2085003151
2085003152
2085003153
2085003154
2085003155
2085003156
2085003157
2085003158
2085003159
2085003160
2085003161
2085003162
2085003163
2085003164
2085003165
2085003166
2085003167
2085003168
2085003169
2085003170
2085003171
2085003172
2085003173
2085003174
2085003175
2087003214
2087003215
2087003216
2087003217
2087003218
2087003219
2087003220
2087003221
2087003222
2087003223
2087003224
2087003225
2087003226
2087003227
2087003228
2087003229
2087003230
2087003231
2087003232
2087003233
2087003234
2087003235
2087003236
2087003237
2087003238
2087003239
2087003240
2087003241
2087003242
2087003243
2087003244
2087003245
2087003246
2087003247
2087003248
2087003249
2087003250
2087003251
2087003252
2087003253
2087003254
2087003255
2087003256
2087003257
2088003258
2088003259
2088003260
2088003261
2088003262
2088003263
2088003264
2088003265
2088003266
2088003267
2088003268
2088003269
2088003270
2088003271
2088003272
2088003273
2088003274
2088003275
2088003276
2088003277
2088003278
2088003279
2088003280
2088003281
2088003282
2088003283
2088003284
2088003285
2088003286
2088003287
2088003288
2088003289
2088003290
2088003291
2088003292
2088003293
2088003294
2088003295
2088003296
2088003297
2088003298
2088003299
2088003300
2089003301
2089003302
2089003303
2089003304
2089003305
2089003306
2089003307
2089003308
2089003309
2089003310
2089003311
2089003312
2089003313
2089003314
2089003315
2089003316
2089003317
2089003318
2089003319
2089003320
2089003321
2089003322
2089003323
2089003324
2089003325
2089003326
2089003327
2089003328
2089003329
2089003330
2089003331
2089003332
2089003333
2089003334
2089003335
2089003336
2089003337
2089003338
2089003339
2089003340
2089003341
2089003342
2089003343
2089003344
2089003345
2089003346
2089003347
2090003348
2090003349
2090003350
2090003351
2090003352
2090003353
2090003354
2090003355
2090003356
2090003357
2090003358
2090003359
2090003360
2090003361
2090003362
2090003363
2090003364
2090003365
2090003366
2090003367
2091003368
2091003369
2091003370
2091003371
2091003372
2091003373
2091003374
2091003375
2091003376
2091003377
2091003378
2091003379
2091003380
2091003381
2091003382
2091003383
2091003384
2091003385
2091003386
2091003387
2091003388
2091003389
2091003390
2091003391
2091003392
2091003393
2091003394
2091003395
2091003396
2091003397
2091003398
2091003399
2091003400
2091003401
2091003402
2091003403
2091003404
2091003405
2091003406
2091003407
2094003484
2094003485
2094003486
2094003487
2094003488
2094003489
2094003490
2094003491
2094003492
2094003493
2094003494
2094003495
2094003496
2094003497
2094003498
2094003499
2094003500
2094003501
2094003502
2094003503
2094003504
2094003505
2094003506
2094003507
2094003508
2094003509
2094003510
2094003511
2094003512
2094003513
2094003514
2094003515
2094003516
2094003517
2095003518
2095003519
2095003520
2095003521
2095003522
2095003523
2095003524
2095003525
2095003526
2095003527
2095003528
2095003529
2095003530
2095003531
2095003532
2095003533
2095003534
2095003535
2095003536
2095003537
2095003538
2095003539
2095003540
2095003541
2095003542
2095003543
2095003544
2095003545
2095003546
2095003547
2095003548
2095003549
2095003550
2095003551
2095003552
2095003553
2095003554
2095003555
2095003556
2095003557
2095003558
2095003559
2095003560
2095003561
2095003562
2096003563
2096003564
2096003565
2096003566
2096003567
2096003568
2096003569
2096003570
2096003571
2096003572
2096003573
2096003574
2096003575
2096003576
2096003577
2096003578
2096003579
2096003580
2096003581
2096003582
2096003583
2096003584
2096003585
2096003586
2096003587
2096003588
2096003589
2096003590
2096003591
2096003592
2096003593
2096003594
2096003595
2096003596
2096003597
2096003598
2096003599
2096003600
2096003601
2096003602
2096003603
2096003604
2096003605
2097003606
2097003607
2097003608
2097003609
2097003610
2097003611
2097003612
2097003613
2097003614
2097003615
2097003616
2097003617
2097003618
2097003619
2097003620
2097003621
2097003622
2097003623
2097003624
2097003625
2097003626
2097003627
2097003628
2097003629
2097003630
2098003631
2098003632
2098003633
2098003634
2098003635
2098003636
2098003637
2098003638
2098003639
2098003640
2098003641
2098003642
2098003643
2098003644
2098003645
2098003646
2098003647
2098003648
2098003649
2098003650
2098003651
2098003652
2098003653
2098003654
2098003655
2098003656
2098003657
2098003658
2098003659
2098003660
2098003661
2098003662
2098003663
2098003664
2098003665
2098003666
2098003667
2098003668
2098003669
2098003670
2098003671
2098003672
2098003673
2098003674
2098003675
2098003676
2098003677
2099003678
2099003679
2099003680
2099003681
2099003682
2099003683
2099003684
2099003685
2099003686
2099003687
2099003688
2099003689
2099003690
2099003691
2099003692
2099003693
2099003694
2099003695
2099003696
2099003697
2099003698
2099003699
2099003700
2099003701
2099003702
2099003703
2099003704
2099003705
2099003706
2099003707
2099003708
2099003709
2099003710
2099003711
2099003712
